<AudioDescriptionScheme xsi:type="SoundClassificationModelType">
	<SoundModel id="ID:SoundModel:1">
		<SoundClassLabel><Term id="ID:SoundClass:Female">Female</Term></SoundClassLabel>
		<Initial dim="1 10"> 0.000  0.019  0.019  0.000  0.019  0.254  0.651  0.000  0.019  0.019 </Initial>
		<Transitions dim="10 10">
			 0.868  0.002  0.000  0.036  0.009  0.000  0.000  0.011  0.012  0.062 
			 0.004  0.885  0.000  0.000  0.048  0.001  0.000  0.035  0.001  0.026 
			 0.000  0.000  0.865  0.000  0.082  0.053  0.000  0.000  0.000  0.000 
			 0.029  0.000  0.000  0.879  0.008  0.000  0.000  0.011  0.021  0.051 
			 0.050  0.072  0.112  0.027  0.558  0.070  0.000  0.037  0.032  0.042 
			 0.003  0.000  0.043  0.000  0.102  0.690  0.122  0.000  0.004  0.036 
			 0.000  0.000  0.006  0.000  0.011  0.162  0.821  0.000  0.000  0.000 
			 0.017  0.024  0.000  0.024  0.024  0.000  0.000  0.864  0.000  0.046 
			 0.006  0.000  0.001  0.015  0.030  0.034  0.000  0.000  0.900  0.014 
			 0.019  0.001  0.000  0.022  0.041  0.089  0.000  0.011  0.005  0.812 
		</Transitions>
		<DescriptorModel>
			<Descriptor xsi:type="mpeg7:AudioSpectrumProjectionType"/>
			<Field>SeriesOfVector</Field>
		</DescriptorModel>
		<State>
			<Label><Term id="ID:ModelState:1">State1</Term></Label>
		</State>
		<ObservationDistribution xsi:type="mpeg7:GaussianDistributionType">
			<Mean dim="1 11"> 4.972 -9.313  2.409  0.676  0.256  0.028 -0.939 -0.367  0.220  0.195  0.043 </Mean>
			<CovarianceInverse dim="11 11">
				 7.845  2.293  2.407 -0.433  0.472 -0.564  2.178 -1.968 -0.713 -1.742  0.300 
				 2.293 86.135 -22.391 -5.944 -4.093 -1.077  4.867  7.947 -3.612 -2.325 -0.070 
				 2.407 -22.391  9.054  2.343  0.629 -1.072 -1.081 -2.907  0.322 -0.329 -1.075 
				-0.433 -5.944  2.343  2.498  0.101 -0.614 -2.043  0.223  0.663 -0.162 -0.192 
				 0.472 -4.093  0.629  0.101  2.241  0.521 -0.110 -0.263  1.289 -0.603  1.937 
				-0.564 -1.077 -1.072 -0.614  0.521  4.562  0.325 -0.405  0.112  0.563  1.368 
				 2.178  4.867 -1.081 -2.043 -0.110  0.325  5.429 -0.518 -0.653 -0.806  1.868 
				-1.968  7.947 -2.907  0.223 -0.263 -0.405 -0.518  4.043  0.091  0.851  0.815 
				-0.713 -3.612  0.322  0.663  1.289  0.112 -0.653  0.091  4.350 -1.944  0.991 
				-1.742 -2.325 -0.329 -0.162 -0.603  0.563 -0.806  0.851 -1.944  5.476 -1.450 
				 0.300 -0.070 -1.075 -0.192  1.937  1.368  1.868  0.815  0.991 -1.450 10.170 
			</CovarianceInverse>
			<Determinant>
				0.000000
			</Determinant>
		</ObservationDistribution>
		<State>
			<Label><Term id="ID:ModelState:2">State2</Term></Label>
		</State>
		<ObservationDistribution xsi:type="mpeg7:GaussianDistributionType">
			<Mean dim="1 11"> 4.836 -8.950  2.161 -1.110 -1.579  0.969  0.903 -0.402 -0.279  0.252 -0.264 </Mean>
			<CovarianceInverse dim="11 11">
				 4.848  0.154  1.805  0.114 -0.617 -0.582  1.429 -0.897 -0.450 -0.802  0.389 
				 0.154 21.128 -4.897  3.800  0.132 -1.890 -2.814  2.668 -0.122 -0.076 -0.392 
				 1.805 -4.897  3.252 -0.286 -0.787 -0.475  1.170 -1.310 -0.783  0.276 -0.639 
				 0.114  3.800 -0.286  1.727 -0.178 -0.330  0.035  0.255 -0.483 -0.122 -0.269 
				-0.617  0.132 -0.787 -0.178  6.053 -2.457 -1.752 -0.057  0.443 -0.427  0.360 
				-0.582 -1.890 -0.475 -0.330 -2.457  3.243  1.546  0.299  0.494 -0.767  1.152 
				 1.429 -2.814  1.170  0.035 -1.752  1.546  3.682 -0.884  0.744 -1.532  0.981 
				-0.897  2.668 -1.310  0.255 -0.057  0.299 -0.884  2.556 -0.017  0.878  0.261 
				-0.450 -0.122 -0.783 -0.483  0.443  0.494  0.744 -0.017  2.980 -0.852  0.427 
				-0.802 -0.076  0.276 -0.122 -0.427 -0.767 -1.532  0.878 -0.852  4.465 -1.182 
				 0.389 -0.392 -0.639 -0.269  0.360  1.152  0.981  0.261  0.427 -1.182  5.404 
			</CovarianceInverse>
			<Determinant>
				0.000013
			</Determinant>
		</ObservationDistribution>
		<State>
			<Label><Term id="ID:ModelState:3">State3</Term></Label>
		</State>
		<ObservationDistribution xsi:type="mpeg7:GaussianDistributionType">
			<Mean dim="1 11"> 5.561 -9.108 -2.791 -2.356  0.519 -0.225  0.261 -0.267  0.232 -0.073  0.034 </Mean>
			<CovarianceInverse dim="11 11">
				 2.068  4.650  2.198  1.008  0.206 -0.110  0.464 -0.294  0.933 -0.534  0.770 
				 4.650 164.871 49.253 47.008 -10.294  7.754 -6.940 -0.542 -3.567  3.404  0.833 
				 2.198 49.253 18.844 13.622 -2.952  1.003 -3.436 -0.687  0.487  0.359  1.673 
				 1.008 47.008 13.622 15.981 -2.351  1.049 -1.095 -1.308 -1.621  2.012 -0.099 
				 0.206 -10.294 -2.952 -2.351  8.311 -1.012  0.368 -1.295 -0.764  0.885 -1.398 
				-0.110  7.754  1.003  1.049 -1.012  7.862  1.981 -0.513 -0.021 -0.149 -2.162 
				 0.464 -6.940 -3.436 -1.095  0.368  1.981  8.678 -2.765 -1.879 -0.380 -1.555 
				-0.294 -0.542 -0.687 -1.308 -1.295 -0.513 -2.765  4.406  1.073 -1.702  0.655 
				 0.933 -3.567  0.487 -1.621 -0.764 -0.021 -1.879  1.073  7.699 -1.244  2.740 
				-0.534  3.404  0.359  2.012  0.885 -0.149 -0.380 -1.702 -1.244  9.792 -1.610 
				 0.770  0.833  1.673 -0.099 -1.398 -2.162 -1.555  0.655  2.740 -1.610 10.603 
			</CovarianceInverse>
			<Determinant>
				0.000000
			</Determinant>
		</ObservationDistribution>
		<State>
			<Label><Term id="ID:ModelState:4">State4</Term></Label>
		</State>
		<ObservationDistribution xsi:type="mpeg7:GaussianDistributionType">
			<Mean dim="1 11"> 4.356 -8.793  3.388 -0.386  1.271 -0.584 -0.171  0.176 -0.243  0.194 -0.099 </Mean>
			<CovarianceInverse dim="11 11">
				 8.300 -2.052  3.068 -0.343  1.038 -0.900  2.372 -2.184  0.088 -1.144  1.468 
				-2.052 24.329 -9.749  3.480 -3.971  1.175 -1.917  2.414 -0.540 -0.573  0.603 
				 3.068 -9.749  6.357 -0.381  1.386 -1.702  0.883 -1.941 -0.360  0.413 -0.273 
				-0.343  3.480 -0.381  2.350 -0.349 -1.240 -1.760  0.166  0.171 -0.414  0.072 
				 1.038 -3.971  1.386 -0.349  3.148 -1.410 -0.994  0.340  0.846 -0.483  1.158 
				-0.900  1.175 -1.702 -1.240 -1.410  3.661  1.983  0.281 -0.290  0.639  1.094 
				 2.372 -1.917  0.883 -1.760 -0.994  1.983  4.223 -1.238 -0.062 -0.164  1.275 
				-2.184  2.414 -1.941  0.166  0.340  0.281 -1.238  3.204 -0.394 -0.305 -0.617 
				 0.088 -0.540 -0.360  0.171  0.846 -0.290 -0.062 -0.394  3.386 -0.791  1.429 
				-1.144 -0.573  0.413 -0.414 -0.483  0.639 -0.164 -0.305 -0.791  5.402 -0.890 
				 1.468  0.603 -0.273  0.072  1.158  1.094  1.275 -0.617  1.429 -0.890  7.370 
			</CovarianceInverse>
			<Determinant>
				0.000004
			</Determinant>
		</ObservationDistribution>
		<State>
			<Label><Term id="ID:ModelState:5">State5</Term></Label>
		</State>
		<ObservationDistribution xsi:type="mpeg7:GaussianDistributionType">
			<Mean dim="1 11"> 4.744 -9.501 -0.534  0.018 -0.150  0.018  0.268  0.045  0.151  0.063 -0.147 </Mean>
			<CovarianceInverse dim="11 11">
				 1.716  1.417  0.320  0.053  0.150 -0.176  0.205  0.136  0.564 -0.440  0.269 
				 1.417 19.879 -0.313  0.677 -0.909  1.016 -0.514  0.772 -0.907 -1.761 -0.287 
				 0.320 -0.313  0.665 -0.143  0.273 -0.289 -0.213  0.043  0.434 -0.214  0.095 
				 0.053  0.677 -0.143  0.803  0.290 -0.044  0.206 -0.171 -0.267 -0.029 -0.070 
				 0.150 -0.909  0.273  0.290  1.714 -0.395  0.176 -0.425 -0.234  0.313 -0.554 
				-0.176  1.016 -0.289 -0.044 -0.395  1.623  0.702 -0.520  0.009 -0.563 -0.733 
				 0.205 -0.514 -0.213  0.206  0.176  0.702  3.115 -0.534 -0.230 -0.693 -0.433 
				 0.136  0.772  0.043 -0.171 -0.425 -0.520 -0.534  2.106 -0.396 -0.315  0.210 
				 0.564 -0.907  0.434 -0.267 -0.234  0.009 -0.230 -0.396  4.010 -0.258  1.180 
				-0.440 -1.761 -0.214 -0.029  0.313 -0.563 -0.693 -0.315 -0.258  4.402 -1.004 
				 0.269 -0.287  0.095 -0.070 -0.554 -0.733 -0.433  0.210  1.180 -1.004  4.691 
			</CovarianceInverse>
			<Determinant>
				0.000216
			</Determinant>
		</ObservationDistribution>
		<State>
			<Label><Term id="ID:ModelState:6">State6</Term></Label>
		</State>
		<ObservationDistribution xsi:type="mpeg7:GaussianDistributionType">
			<Mean dim="1 11"> 7.093 -9.591 -2.217  0.283  0.073  0.380 -0.183  0.300 -0.128  0.032  0.009 </Mean>
			<CovarianceInverse dim="11 11">
				 1.727  2.720  2.277 -0.341  0.641 -0.691  0.989 -0.226  1.206 -1.328  1.500 
				 2.720 238.517 50.191 -10.119 -4.858  0.281  1.126 -6.701  2.132  6.248  4.517 
				 2.277 50.191 15.468 -2.712 -0.729 -1.930 -0.468 -1.838  2.597 -0.354  3.635 
				-0.341 -10.119 -2.712  2.463  1.489  0.524  1.011  0.398 -1.701  0.969  0.017 
				 0.641 -4.858 -0.729  1.489  8.311 -1.467  0.998 -2.296 -0.635  1.257 -1.600 
				-0.691  0.281 -1.930  0.524 -1.467  7.101  2.205 -1.432 -1.149 -1.062 -3.984 
				 0.989  1.126 -0.468  1.011  0.998  2.205 11.159 -1.923 -2.026 -0.937 -2.249 
				-0.226 -6.701 -1.838  0.398 -2.296 -1.432 -1.923  9.131 -1.569 -0.126  1.581 
				 1.206  2.132  2.597 -1.701 -0.635 -1.149 -2.026 -1.569 14.079 -2.241  2.767 
				-1.328  6.248 -0.354  0.969  1.257 -1.062 -0.937 -0.126 -2.241 15.090 -3.989 
				 1.500  4.517  3.635  0.017 -1.600 -3.984 -2.249  1.581  2.767 -3.989 14.935 
			</CovarianceInverse>
			<Determinant>
				0.000000
			</Determinant>
		</ObservationDistribution>
		<State>
			<Label><Term id="ID:ModelState:7">State7</Term></Label>
		</State>
		<ObservationDistribution xsi:type="mpeg7:GaussianDistributionType">
			<Mean dim="1 11"> 8.942 -9.466 -3.015  0.443 -0.027  0.489 -0.405  0.222 -0.173  0.078  0.066 </Mean>
			<CovarianceInverse dim="11 11">
				14.067 57.732 24.778 10.396 -2.531  3.182 -3.966  0.921 -9.750  0.164  5.972 
				57.732 5511.194 1668.767 -234.673 -56.995 -304.589 236.212 -171.391 47.778 -80.387 -12.742 
				24.778 1668.767 523.865 -61.640 -19.312 -94.059 64.492 -41.999  0.839 -28.627  5.274 
				10.396 -234.673 -61.640 43.594 -1.542 19.948 -15.376 16.055 -29.667  6.478  8.285 
				-2.531 -56.995 -19.312 -1.542 26.612  1.257  0.529 -4.953  1.296  1.314 -6.286 
				 3.182 -304.589 -94.059 19.948  1.257 57.677 -22.231  6.107 -9.830 -2.671 -8.770 
				-3.966 236.212 64.492 -15.376  0.529 -22.231 50.313 -6.153 -3.927  3.716  0.887 
				 0.921 -171.391 -41.999 16.055 -4.953  6.107 -6.153 66.343 -49.448 -5.680 16.309 
				-9.750 47.778  0.839 -29.667  1.296 -9.830 -3.927 -49.448 90.598  5.499 -7.981 
				 0.164 -80.387 -28.627  6.478  1.314 -2.671  3.716 -5.680  5.499 48.419  6.582 
				 5.972 -12.742  5.274  8.285 -6.286 -8.770  0.887 16.309 -7.981  6.582 43.109 
			</CovarianceInverse>
			<Determinant>
				0.000000
			</Determinant>
		</ObservationDistribution>
		<State>
			<Label><Term id="ID:ModelState:8">State8</Term></Label>
		</State>
		<ObservationDistribution xsi:type="mpeg7:GaussianDistributionType">
			<Mean dim="1 11"> 4.298 -8.677  3.602 -1.562 -0.682 -0.059 -0.255  0.380  0.095 -0.442  0.155 </Mean>
			<CovarianceInverse dim="11 11">
				14.931 -3.190  6.728 -0.799 -3.137 -5.245 -2.682 -1.801  1.169 -1.228  0.317 
				-3.190 22.711 -12.086  5.548  3.817  3.474  0.906 -0.226 -2.399  2.725  1.935 
				 6.728 -12.086 10.357 -2.365 -4.937 -4.737 -2.751 -0.354  1.460 -0.790 -1.196 
				-0.799  5.548 -2.365  2.514  1.282  0.974  1.039 -0.832 -0.784  0.545  0.566 
				-3.137  3.817 -4.937  1.282  9.001  3.580  6.255 -3.138 -2.892  1.158  0.288 
				-5.245  3.474 -4.737  0.974  3.580  4.403  3.223 -0.387 -0.648  0.332  1.569 
				-2.682  0.906 -2.751  1.039  6.255  3.223  7.034 -2.974 -1.509 -0.578  0.935 
				-1.801 -0.226 -0.354 -0.832 -3.138 -0.387 -2.974  5.142  0.614 -0.575  0.627 
				 1.169 -2.399  1.460 -0.784 -2.892 -0.648 -1.509  0.614  5.523 -1.596  2.086 
				-1.228  2.725 -0.790  0.545  1.158  0.332 -0.578 -0.575 -1.596  5.649 -0.544 
				 0.317  1.935 -1.196  0.566  0.288  1.569  0.935  0.627  2.086 -0.544  8.377 
			</CovarianceInverse>
			<Determinant>
				0.000000
			</Determinant>
		</ObservationDistribution>
		<State>
			<Label><Term id="ID:ModelState:9">State9</Term></Label>
		</State>
		<ObservationDistribution xsi:type="mpeg7:GaussianDistributionType">
			<Mean dim="1 11"> 4.437 -8.991  0.859  2.239  0.516  0.413  1.250 -0.325  0.284 -0.381  0.362 </Mean>
			<CovarianceInverse dim="11 11">
				 4.094 -0.502  2.001 -0.414 -0.342 -1.107  0.881 -0.887  0.614 -1.478  0.385 
				-0.502 15.391 -2.012 -1.123 -0.043 -1.175 -3.836  2.266 -1.731  1.965  1.313 
				 2.001 -2.012  2.400  0.291 -0.729 -1.684  0.026 -0.714  0.618 -1.879 -0.022 
				-0.414 -1.123  0.291  2.702  1.862 -0.865 -0.738  0.863  0.235 -0.477  1.496 
				-0.342 -0.043 -0.729  1.862  4.550 -1.878 -2.291  1.698  1.419 -0.316  3.612 
				-1.107 -1.175 -1.684 -0.865 -1.878  5.181  3.671 -1.051 -2.068  2.715 -3.196 
				 0.881 -3.836  0.026 -0.738 -2.291  3.671  5.224 -2.015 -1.168  1.442 -3.649 
				-0.887  2.266 -0.714  0.863  1.698 -1.051 -2.015  2.417  0.331  0.188  2.000 
				 0.614 -1.731  0.618  0.235  1.419 -2.068 -1.168  0.331  3.363 -1.242  1.367 
				-1.478  1.965 -1.879 -0.477 -0.316  2.715  1.442  0.188 -1.242  4.417 -0.898 
				 0.385  1.313 -0.022  1.496  3.612 -3.196 -3.649  2.000  1.367 -0.898  7.751 
			</CovarianceInverse>
			<Determinant>
				0.000059
			</Determinant>
		</ObservationDistribution>
		<State>
			<Label><Term id="ID:ModelState:10">State10</Term></Label>
		</State>
		<ObservationDistribution xsi:type="mpeg7:GaussianDistributionType">
			<Mean dim="1 11"> 5.598 -9.616  0.270  1.246 -0.469 -0.850 -0.172  0.045 -0.063 -0.061 -0.080 </Mean>
			<CovarianceInverse dim="11 11">
				 5.176 -1.580  2.644 -0.450  0.363 -0.912  2.503 -1.431 -0.604 -0.953  1.064 
				-1.580 125.291 -4.689 -12.119  4.854 11.066 -4.276  2.112  2.667 -2.660  1.671 
				 2.644 -4.689  2.909  0.710 -0.381 -0.972  1.225 -1.492 -0.351 -0.311 -0.425 
				-0.450 -12.119  0.710  3.715 -1.472 -2.359 -0.506  0.150 -0.262  0.524 -0.148 
				 0.363  4.854 -0.381 -1.472  2.623  1.090  0.306  0.475  0.920 -1.236  1.268 
				-0.912 11.066 -0.972 -2.359  1.090  4.845 -0.398  0.080  0.555  1.249  1.529 
				 2.503 -4.276  1.225 -0.506  0.306 -0.398  4.203 -1.514  0.375 -1.642  0.735 
				-1.431  2.112 -1.492  0.150  0.475  0.080 -1.514  4.954 -0.829 -0.391 -0.121 
				-0.604  2.667 -0.351 -0.262  0.920  0.555  0.375 -0.829  6.907 -1.007  0.992 
				-0.953 -2.660 -0.311  0.524 -1.236  1.249 -1.642 -0.391 -1.007  8.696 -1.434 
				 1.064  1.671 -0.425 -0.148  1.268  1.529  0.735 -0.121  0.992 -1.434  9.493 
			</CovarianceInverse>
			<Determinant>
				0.000000
			</Determinant>
		</ObservationDistribution>
		<SpectrumBasis loEdge="62.5" hiEdge="8000" octaveResolution="1/4">
			<SeriesOfVector hopSize="PT10N1000F" totalNumOfSamples="1" vectorSize="31 10">
				<Raw mpeg7:dim="31 10">
					 0.247 -0.220  0.068 -0.149  0.134 -0.262  0.238 -0.166  0.503 -0.174 
					 0.290 -0.237  0.139 -0.094  0.160 -0.146  0.234  0.036  0.290 -0.039 
					 0.267 -0.171  0.223  0.049  0.144  0.063  0.124  0.186 -0.122  0.344 
					 0.267 -0.171  0.223  0.049  0.144  0.063  0.124  0.186 -0.122  0.344 
					 0.223 -0.057  0.291  0.260 -0.056  0.098 -0.055 -0.001 -0.190 -0.121 
					 0.223 -0.057  0.291  0.260 -0.056  0.098 -0.055 -0.001 -0.190 -0.121 
					 0.166  0.124  0.244  0.158 -0.361 -0.217  0.002  0.023 -0.087 -0.183 
					 0.140  0.212  0.121 -0.238 -0.332 -0.302  0.098  0.042 -0.031 -0.270 
					 0.148  0.181  0.054 -0.564 -0.049 -0.071  0.091  0.156 -0.170 -0.042 
					 0.180  0.067  0.111 -0.484  0.261  0.422 -0.130 -0.024 -0.187 -0.169 
					 0.168  0.069  0.221  0.090  0.024  0.373 -0.270 -0.285  0.250 -0.291 
					 0.124  0.207  0.175  0.131 -0.332 -0.074 -0.071 -0.024  0.156  0.142 
					 0.106  0.269  0.064 -0.202 -0.199 -0.017 -0.006  0.134 -0.038  0.342 
					 0.105  0.258  0.039 -0.072  0.028  0.223 -0.179 -0.118  0.233  0.015 
					 0.098  0.297 -0.015  0.072  0.019 -0.012 -0.107  0.002  0.178  0.191 
					 0.102  0.295 -0.055  0.067  0.156 -0.021 -0.110  0.072  0.070  0.120 
					 0.112  0.264 -0.071  0.116  0.195 -0.104 -0.107  0.112  0.065  0.071 
					 0.125  0.220 -0.079  0.102  0.239 -0.142 -0.097  0.141  0.057 -0.012 
					 0.137  0.187 -0.095  0.104  0.272 -0.182 -0.077  0.117  0.025 -0.081 
					 0.147  0.162 -0.117  0.132  0.288 -0.190  0.035 -0.018 -0.114 -0.151 
					 0.142  0.154 -0.146  0.128  0.189 -0.091  0.207 -0.218 -0.285 -0.143 
					 0.143  0.120 -0.173  0.086  0.001  0.070  0.336 -0.321 -0.254 -0.028 
					 0.146  0.084 -0.157  0.028 -0.121  0.159  0.308 -0.264 -0.104  0.088 
					 0.143  0.073 -0.187  0.018 -0.163  0.190  0.230 -0.093  0.048  0.086 
					 0.152  0.026 -0.219  0.018 -0.116  0.170  0.147  0.000  0.209  0.070 
					 0.145  0.016 -0.226  0.054 -0.126  0.176  0.093  0.098  0.173  0.043 
					 0.153 -0.044 -0.232  0.065 -0.160  0.199  0.016  0.208  0.124 -0.025 
					 0.178 -0.135 -0.232  0.097 -0.103  0.126 -0.070  0.354  0.015 -0.107 
					 0.188 -0.155 -0.259 -0.004 -0.093 -0.001 -0.138  0.257 -0.112 -0.237 
					 0.202 -0.151 -0.250 -0.031 -0.092 -0.063 -0.218  0.111 -0.123 -0.188 
					 0.317 -0.270 -0.218 -0.137 -0.096 -0.270 -0.500 -0.472 -0.113  0.334 
				</Raw>
			</SeriesOfVector>
		</SpectrumBasis>
	</SoundModelClass>
	<SoundModel id="ID:SoundModel:2">
		<SoundClassLabel><Term id="ID:SoundClass:Male">Male</Term></SoundClassLabel>
		<Initial dim="1 10"> 0.005  0.696  0.250  0.005  0.005  0.024  0.005  0.000  0.005  0.005 </Initial>
		<Transitions dim="10 10">
			 0.651  0.000  0.038  0.068  0.014  0.008  0.048  0.000  0.067  0.106 
			 0.016  0.826  0.144  0.000  0.000  0.008  0.000  0.000  0.000  0.005 
			 0.068  0.091  0.742  0.005  0.002  0.039  0.005  0.000  0.000  0.046 
			 0.055  0.000  0.000  0.781  0.034  0.087  0.004  0.028  0.009  0.000 
			 0.000  0.000  0.000  0.051  0.883  0.041  0.002  0.013  0.011  0.000 
			 0.041  0.022  0.117  0.039  0.027  0.719  0.033  0.001  0.000  0.001 
			 0.020  0.000  0.001  0.013  0.003  0.047  0.859  0.038  0.019  0.000 
			 0.000  0.000  0.000  0.049  0.029  0.000  0.024  0.877  0.021  0.000 
			 0.027  0.000  0.000  0.021  0.015  0.003  0.028  0.033  0.872  0.000 
			 0.083  0.000  0.062  0.006  0.000  0.000  0.001  0.000  0.001  0.847 
		</Transitions>
		<DescriptorModel>
			<Descriptor xsi:type="mpeg7:AudioSpectrumProjectionType"/>
			<Field>SeriesOfVector</Field>
		</DescriptorModel>
		<State>
			<Label><Term id="ID:ModelState:1">State1</Term></Label>
		</State>
		<ObservationDistribution xsi:type="mpeg7:GaussianDistributionType">
			<Mean dim="1 11"> 4.134 -9.144 -2.279 -1.021  0.227  0.054  0.281 -0.080 -0.089 -0.163  0.122 </Mean>
			<CovarianceInverse dim="11 11">
				 1.837  0.707  0.514 -0.248  0.124  0.077  0.677 -0.102  0.068 -0.276  0.337 
				 0.707 13.063  3.123  2.976 -0.773  0.459 -0.486  0.220 -0.264  0.989 -0.049 
				 0.514  3.123  1.798  0.253  0.108 -0.062  0.348 -0.377  0.443  0.400  0.364 
				-0.248  2.976  0.253  1.372 -0.283  0.498 -0.144  0.175  0.052  0.376 -0.300 
				 0.124 -0.773  0.108 -0.283  1.541  0.047 -0.416 -0.198  0.237 -0.039 -0.521 
				 0.077  0.459 -0.062  0.498  0.047  2.912  0.698  0.370  0.955 -0.585  0.596 
				 0.677 -0.486  0.348 -0.144 -0.416  0.698  3.342  0.165  0.378  0.693  0.860 
				-0.102  0.220 -0.377  0.175 -0.198  0.370  0.165  4.050 -0.688 -0.145  0.743 
				 0.068 -0.264  0.443  0.052  0.237  0.955  0.378 -0.688  2.944  0.325  0.394 
				-0.276  0.989  0.400  0.376 -0.039 -0.585  0.693 -0.145  0.325  3.958  0.210 
				 0.337 -0.049  0.364 -0.300 -0.521  0.596  0.860  0.743  0.394  0.210  3.808 
			</CovarianceInverse>
			<Determinant>
				0.000147
			</Determinant>
		</ObservationDistribution>
		<State>
			<Label><Term id="ID:ModelState:2">State2</Term></Label>
		</State>
		<ObservationDistribution xsi:type="mpeg7:GaussianDistributionType">
			<Mean dim="1 11"> 8.591 -9.440 -3.042  0.767 -0.541  0.005 -0.363 -0.055 -0.142  0.141 -0.104 </Mean>
			<CovarianceInverse dim="11 11">
				21.598 30.319 25.751 14.487 -9.739 -2.600 -10.520  3.568  5.512  0.891 -0.132 
				30.319 5538.403 1738.504 -401.156 378.954 -11.670 167.419 22.199 113.834  0.940 78.734 
				25.751 1738.504 587.984 -107.466 120.568  7.713 18.165 11.998 39.321 30.594 29.424 
				14.487 -401.156 -107.466 64.524 -42.275  5.429 -27.991  4.349  0.507 -0.279 -10.572 
				-9.739 378.954 120.568 -42.275 94.160 21.242 -7.085  7.540  0.476 48.213  6.622 
				-2.600 -11.670  7.713  5.429 21.242 62.737 -46.789  6.498  2.011 21.519  2.622 
				-10.520 167.419 18.165 -27.991 -7.085 -46.789 112.405 -10.297 -0.145 -13.701  4.206 
				 3.568 22.199 11.998  4.349  7.540  6.498 -10.297 30.020 -2.155  6.340  1.609 
				 5.512 113.834 39.321  0.507  0.476  2.011 -0.145 -2.155 31.235 -28.225 -1.576 
				 0.891  0.940 30.594 -0.279 48.213 21.519 -13.701  6.340 -28.225 171.272 17.849 
				-0.132 78.734 29.424 -10.572  6.622  2.622  4.206  1.609 -1.576 17.849 31.195 
			</CovarianceInverse>
			<Determinant>
				0.000000
			</Determinant>
		</ObservationDistribution>
		<State>
			<Label><Term id="ID:ModelState:3">State3</Term></Label>
		</State>
		<ObservationDistribution xsi:type="mpeg7:GaussianDistributionType">
			<Mean dim="1 11"> 6.847 -9.547 -2.513  0.139 -0.502  0.186 -0.303 -0.000 -0.141  0.119 -0.118 </Mean>
			<CovarianceInverse dim="11 11">
				 1.816  6.070  2.960 -1.183  1.499  0.252  0.886 -0.438  0.871 -0.112  1.983 
				 6.070 451.915 114.854 -0.665 17.297 -10.628  5.124 -1.965  8.055  6.427  1.578 
				 2.960 114.854 33.797 -1.226  7.010 -4.269  1.922 -2.073  3.770  2.962  2.395 
				-1.183 -0.665 -1.226  3.465 -1.023  1.874 -0.199  0.745  0.383  1.046 -1.998 
				 1.499 17.297  7.010 -1.023 10.630 -0.488 -1.705 -0.584  2.958  0.614 -0.013 
				 0.252 -10.628 -4.269  1.874 -0.488 13.524  2.122  2.229  3.520 -1.852  1.135 
				 0.886  5.124  1.922 -0.199 -1.705  2.122 12.809  0.820  1.476  0.655  2.496 
				-0.438 -1.965 -2.073  0.745 -0.584  2.229  0.820 16.137 -3.160 -0.175  2.930 
				 0.871  8.055  3.770  0.383  2.958  3.520  1.476 -3.160 12.398 -1.669  1.829 
				-0.112  6.427  2.962  1.046  0.614 -1.852  0.655 -0.175 -1.669 20.475  1.426 
				 1.983  1.578  2.395 -1.998 -0.013  1.135  2.496  2.930  1.829  1.426 13.982 
			</CovarianceInverse>
			<Determinant>
				0.000000
			</Determinant>
		</ObservationDistribution>
		<State>
			<Label><Term id="ID:ModelState:4">State4</Term></Label>
		</State>
		<ObservationDistribution xsi:type="mpeg7:GaussianDistributionType">
			<Mean dim="1 11"> 3.904 -9.508  0.917  1.178  0.995  0.446  0.219  0.116  0.225 -0.034  0.062 </Mean>
			<CovarianceInverse dim="11 11">
				 5.564  4.825  0.923 -1.342  0.870 -0.503  0.650  0.522  1.633 -0.540 -0.153 
				 4.825 83.296 -7.602 -7.029 -10.495 -2.674 -4.462 -0.387 -2.571  0.730 -0.478 
				 0.923 -7.602  2.589  0.619  1.529 -1.147  0.906  0.570  0.381 -0.325  0.928 
				-1.342 -7.029  0.619  3.470  1.015  1.173  0.633 -0.728  0.491  0.050 -1.141 
				 0.870 -10.495  1.529  1.015  3.387  0.003  0.256  0.405  0.853 -1.265 -0.155 
				-0.503 -2.674 -1.147  1.173  0.003  4.929  0.639 -1.687  1.341  0.050 -1.711 
				 0.650 -4.462  0.906  0.633  0.256  0.639  4.006 -0.379  1.145  0.659 -0.472 
				 0.522 -0.387  0.570 -0.728  0.405 -1.687 -0.379  3.924 -0.404 -0.619  1.448 
				 1.633 -2.571  0.381  0.491  0.853  1.341  1.145 -0.404  3.587 -0.249 -1.570 
				-0.540  0.730 -0.325  0.050 -1.265  0.050  0.659 -0.619 -0.249  3.466 -0.623 
				-0.153 -0.478  0.928 -1.141 -0.155 -1.711 -0.472  1.448 -1.570 -0.623  7.300 
			</CovarianceInverse>
			<Determinant>
				0.000000
			</Determinant>
		</ObservationDistribution>
		<State>
			<Label><Term id="ID:ModelState:5">State5</Term></Label>
		</State>
		<ObservationDistribution xsi:type="mpeg7:GaussianDistributionType">
			<Mean dim="1 11"> 3.663 -8.971  3.063  0.565 -0.789  0.688  0.528  0.227  0.196  0.037  0.023 </Mean>
			<CovarianceInverse dim="11 11">
				 7.785 -0.710  2.142 -1.672  1.396 -0.190  0.348  1.772  1.714 -0.530  2.414 
				-0.710 33.429 -12.878  0.383  1.378 -1.189 -3.095 -1.422 -2.252  0.042 -0.218 
				 2.142 -12.878  7.275 -0.586  0.839 -2.193 -0.111  0.917  0.581 -0.506  1.486 
				-1.672  0.383 -0.586  2.600 -1.055  2.836  1.305 -0.551  0.315  0.372 -0.850 
				 1.396  1.378  0.839 -1.055  2.751 -3.207 -1.767 -0.325 -0.541 -0.621  1.889 
				-0.190 -1.189 -2.193  2.836 -3.207  9.711  5.200 -0.180  2.750  1.193 -3.013 
				 0.348 -3.095 -0.111  1.305 -1.767  5.200  4.991  0.723  2.103 -0.125 -0.998 
				 1.772 -1.422  0.917 -0.551 -0.325 -0.180  0.723  5.419 -0.273 -0.485  2.047 
				 1.714 -2.252  0.581  0.315 -0.541  2.750  2.103 -0.273  3.410  0.279 -0.965 
				-0.530  0.042 -0.506  0.372 -0.621  1.193 -0.125 -0.485  0.279  2.583 -1.285 
				 2.414 -0.218  1.486 -0.850  1.889 -3.013 -0.998  2.047 -0.965 -1.285  7.476 
			</CovarianceInverse>
			<Determinant>
				0.000002
			</Determinant>
		</ObservationDistribution>
		<State>
			<Label><Term id="ID:ModelState:6">State6</Term></Label>
		</State>
		<ObservationDistribution xsi:type="mpeg7:GaussianDistributionType">
			<Mean dim="1 11"> 5.853 -9.606 -0.737  1.941 -0.001 -0.173 -0.059  0.033 -0.084 -0.143  0.184 </Mean>
			<CovarianceInverse dim="11 11">
				 3.695 -4.308  2.275 -1.021  0.708  0.371  0.496  0.324  1.277  0.349  1.681 
				-4.308 271.773 12.754 -38.745  2.580  6.932 -1.204 -2.482  0.786 -2.859 -10.715 
				 2.275 12.754  3.504 -2.777  0.849  0.626 -0.296  0.160  0.304  0.455  0.965 
				-1.021 -38.745 -2.777  9.988 -1.502 -0.336 -1.564  0.402 -1.460  1.257 -0.480 
				 0.708  2.580  0.849 -1.502  4.227 -0.073  0.641  0.150  0.233  0.209  0.249 
				 0.371  6.932  0.626 -0.336 -0.073  5.012 -0.535 -0.217  0.539  0.841 -0.197 
				 0.496 -1.204 -0.296 -1.564  0.641 -0.535  6.763 -0.258  0.640 -1.858  0.644 
				 0.324 -2.482  0.160  0.402  0.150 -0.217 -0.258  6.366 -0.382 -0.013  1.683 
				 1.277  0.786  0.304 -1.460  0.233  0.539  0.640 -0.382  6.872 -0.724  0.504 
				 0.349 -2.859  0.455  1.257  0.209  0.841 -1.858 -0.013 -0.724 11.306  0.668 
				 1.681 -10.715  0.965 -0.480  0.249 -0.197  0.644  1.683  0.504  0.668 11.199 
			</CovarianceInverse>
			<Determinant>
				0.000000
			</Determinant>
		</ObservationDistribution>
		<State>
			<Label><Term id="ID:ModelState:7">State7</Term></Label>
		</State>
		<ObservationDistribution xsi:type="mpeg7:GaussianDistributionType">
			<Mean dim="1 11"> 4.171 -9.290  2.106  0.183  0.290 -0.843 -0.547  0.149 -0.294  0.055 -0.024 </Mean>
			<CovarianceInverse dim="11 11">
				 7.805  1.010  1.480 -1.612  1.549 -0.932 -0.332  0.462  1.170 -0.065  1.160 
				 1.010 38.694 -8.915  1.538 -2.029  4.674  1.067 -2.879  1.550 -1.189 -1.916 
				 1.480 -8.915  3.862 -0.247  1.553 -1.269  0.192  0.897  0.473  0.025  1.303 
				-1.612  1.538 -0.247  1.808 -0.277  0.611 -0.325  0.077 -0.708  0.307 -0.206 
				 1.549 -2.029  1.553 -0.277  1.617 -0.611  0.375  0.366  0.771 -0.395  0.729 
				-0.932  4.674 -1.269  0.611 -0.611  3.340  0.599 -0.595  0.419  0.531 -0.276 
				-0.332  1.067  0.192 -0.325  0.375  0.599  2.805 -0.354  1.028 -0.771  0.107 
				 0.462 -2.879  0.897  0.077  0.366 -0.595 -0.354  2.009  0.076  0.156 -0.408 
				 1.170  1.550  0.473 -0.708  0.771  0.419  1.028  0.076  3.785 -0.354  0.199 
				-0.065 -1.189  0.025  0.307 -0.395  0.531 -0.771  0.156 -0.354  3.194 -0.064 
				 1.160 -1.916  1.303 -0.206  0.729 -0.276  0.107 -0.408  0.199 -0.064  5.843 
			</CovarianceInverse>
			<Determinant>
				0.000008
			</Determinant>
		</ObservationDistribution>
		<State>
			<Label><Term id="ID:ModelState:8">State8</Term></Label>
		</State>
		<ObservationDistribution xsi:type="mpeg7:GaussianDistributionType">
			<Mean dim="1 11"> 3.423 -8.697  3.708 -0.428 -0.085 -0.142 -0.077 -0.770  0.297  0.128 -0.176 </Mean>
			<CovarianceInverse dim="11 11">
				12.846  0.332  2.171 -0.084  2.810  0.962  1.291 -10.286  6.548  0.343 -1.459 
				 0.332 29.503 -14.251  2.506 -2.098  1.916 -1.377  4.901 -3.259 -0.515  2.297 
				 2.171 -14.251  8.671 -0.834  1.858 -1.162  0.767 -4.232  2.844  0.369 -0.966 
				-0.084  2.506 -0.834  1.858  0.084  0.304 -0.685 -3.634  0.387  0.368 -0.671 
				 2.810 -2.098  1.858  0.084  1.725 -0.107  0.531 -3.667  1.862  0.002 -0.090 
				 0.962  1.916 -1.162  0.304 -0.107  1.349  0.049 -1.810  0.530  0.345 -0.750 
				 1.291 -1.377  0.767 -0.685  0.531  0.049  1.590  0.055  0.860 -0.294  0.392 
				-10.286  4.901 -4.232 -3.634 -3.667 -1.810  0.055 34.924 -11.437 -2.887  9.531 
				 6.548 -3.259  2.844  0.387  1.862  0.530  0.860 -11.437  6.778  0.946 -2.841 
				 0.343 -0.515  0.369  0.368  0.002  0.345 -0.294 -2.887  0.946  2.402 -1.206 
				-1.459  2.297 -0.966 -0.671 -0.090 -0.750  0.392  9.531 -2.841 -1.206  8.247 
			</CovarianceInverse>
			<Determinant>
				0.000006
			</Determinant>
		</ObservationDistribution>
		<State>
			<Label><Term id="ID:ModelState:9">State9</Term></Label>
		</State>
		<ObservationDistribution xsi:type="mpeg7:GaussianDistributionType">
			<Mean dim="1 11"> 3.002 -7.859  3.553 -1.970  0.390 -0.463  0.074  0.383 -0.195 -0.145  0.119 </Mean>
			<CovarianceInverse dim="11 11">
				 6.308  0.735  0.606  0.295  0.982 -0.272  0.358 -0.619  0.964 -0.675  0.732 
				 0.735  4.938 -1.649  1.716 -0.490  0.267 -0.847 -0.102 -0.138  0.100 -0.416 
				 0.606 -1.649  1.267 -0.327  0.480 -0.208  0.475  0.148  0.288 -0.173  0.519 
				 0.295  1.716 -0.327  1.089 -0.173  0.086 -0.390  0.069  0.027  0.009  0.187 
				 0.982 -0.490  0.480 -0.173  0.628 -0.134  0.274  0.003  0.145 -0.083  0.395 
				-0.272  0.267 -0.208  0.086 -0.134  0.538 -0.088  0.049 -0.062  0.012 -0.106 
				 0.358 -0.847  0.475 -0.390  0.274 -0.088  1.030  0.024  0.108 -0.110  0.209 
				-0.619 -0.102  0.148  0.069  0.003  0.049  0.024  0.670 -0.038  0.028 -0.004 
				 0.964 -0.138  0.288  0.027  0.145 -0.062  0.108 -0.038  1.229 -0.261  0.263 
				-0.675  0.100 -0.173  0.009 -0.083  0.012 -0.110  0.028 -0.261  1.605 -0.328 
				 0.732 -0.416  0.519  0.187  0.395 -0.106  0.209 -0.004  0.263 -0.328  2.711 
			</CovarianceInverse>
			<Determinant>
				0.615794
			</Determinant>
		</ObservationDistribution>
		<State>
			<Label><Term id="ID:ModelState:10">State10</Term></Label>
		</State>
		<ObservationDistribution xsi:type="mpeg7:GaussianDistributionType">
			<Mean dim="1 11"> 5.131 -8.851 -3.728 -2.078  0.000  0.029  0.260 -0.074  0.208 -0.027 -0.045 </Mean>
			<CovarianceInverse dim="11 11">
				 2.555  4.940  2.881  0.353  0.105 -0.429  0.826 -0.437  0.310 -0.319  0.797 
				 4.940 183.362 75.822 45.051 -2.975 -1.557 -2.913  1.054 -2.473  2.432  2.381 
				 2.881 75.822 34.284 17.836 -0.580 -2.164 -0.278 -0.345 -0.078  0.994  1.395 
				 0.353 45.051 17.836 14.087  0.357  0.262 -0.362  1.255  0.002  0.807 -0.419 
				 0.105 -2.975 -0.580  0.357  6.519 -0.471 -1.166  0.837  2.054 -2.003 -2.228 
				-0.429 -1.557 -2.164  0.262 -0.471  7.263  1.408  0.930  1.889 -2.225  0.623 
				 0.826 -2.913 -0.278 -0.362 -1.166  1.408  7.758  0.416  1.137  2.382  1.950 
				-0.437  1.054 -0.345  1.255  0.837  0.930  0.416  9.405 -1.109 -0.815  0.538 
				 0.310 -2.473 -0.078  0.002  2.054  1.889  1.137 -1.109  6.547 -0.732  0.076 
				-0.319  2.432  0.994  0.807 -2.003 -2.225  2.382 -0.815 -0.732  9.574  0.467 
				 0.797  2.381  1.395 -0.419 -2.228  0.623  1.950  0.538  0.076  0.467  8.974 
			</CovarianceInverse>
			<Determinant>
				0.000000
			</Determinant>
		</ObservationDistribution>
		<SpectrumBasis loEdge="62.5" hiEdge="8000" octaveResolution="1/4">
			<SeriesOfVector hopSize="PT10N1000F" totalNumOfSamples="1" vectorSize="31 10">
				<Raw mpeg7:dim="31 10">
					 0.274 -0.242  0.255 -0.254  0.061 -0.230  0.028 -0.457  0.211 -0.526 
					 0.255 -0.101  0.345 -0.157  0.424  0.201  0.038 -0.077  0.046 -0.009 
					 0.184  0.091  0.250  0.062  0.050  0.027 -0.327  0.010 -0.012  0.127 
					 0.184  0.091  0.250  0.062  0.050  0.027 -0.327  0.010 -0.012  0.127 
					 0.170  0.131  0.143  0.105 -0.248 -0.139 -0.083 -0.175 -0.064  0.243 
					 0.170  0.131  0.143  0.105 -0.248 -0.139 -0.083 -0.175 -0.064  0.243 
					 0.184  0.086  0.134  0.049 -0.189 -0.084  0.461 -0.318 -0.106  0.229 
					 0.178  0.088  0.234  0.005  0.360  0.355  0.363  0.156 -0.060  0.235 
					 0.156  0.155  0.201  0.144  0.082  0.116 -0.394  0.281 -0.002 -0.139 
					 0.150  0.178  0.122  0.205 -0.266 -0.146 -0.171 -0.020 -0.081 -0.204 
					 0.135  0.191  0.081  0.164 -0.118  0.030  0.332 -0.014 -0.087 -0.012 
					 0.113  0.229  0.044  0.177 -0.070  0.101  0.169  0.164 -0.055 -0.233 
					 0.106  0.260 -0.016  0.115 -0.090  0.096  0.174  0.127 -0.003 -0.382 
					 0.102  0.278 -0.095 -0.054 -0.060  0.101  0.093  0.115  0.098 -0.308 
					 0.106  0.269 -0.154 -0.189 -0.050  0.068  0.005  0.032  0.146 -0.074 
					 0.116  0.231 -0.157 -0.253 -0.048  0.086 -0.059 -0.004  0.149  0.095 
					 0.130  0.186 -0.133 -0.298 -0.076  0.101 -0.065 -0.029  0.160  0.092 
					 0.140  0.168 -0.135 -0.350 -0.073  0.070 -0.061 -0.047  0.088  0.098 
					 0.144  0.154 -0.154 -0.349  0.041 -0.074 -0.061 -0.035 -0.151  0.119 
					 0.142  0.132 -0.184 -0.176  0.230 -0.283 -0.033  0.021 -0.394  0.022 
					 0.144  0.092 -0.196  0.089  0.334 -0.380  0.025  0.065 -0.281 -0.095 
					 0.151  0.057 -0.164  0.217  0.292 -0.312  0.042  0.033  0.049  0.014 
					 0.150  0.035 -0.190  0.262  0.193 -0.097 -0.012 -0.077  0.279  0.135 
					 0.161 -0.011 -0.198  0.223  0.107  0.006 -0.029 -0.113  0.357  0.094 
					 0.157 -0.031 -0.250  0.212  0.041  0.107 -0.046 -0.108  0.273  0.041 
					 0.174 -0.116 -0.240  0.181 -0.018  0.202 -0.016 -0.146  0.073 -0.011 
					 0.200 -0.192 -0.211  0.055 -0.080  0.258 -0.083 -0.129 -0.226 -0.033 
					 0.209 -0.203 -0.178  0.016 -0.082  0.273 -0.079 -0.056 -0.312 -0.067 
					 0.211 -0.210 -0.130  0.021 -0.083  0.147 -0.043  0.005 -0.236 -0.048 
					 0.238 -0.245 -0.079  0.008 -0.117  0.048  0.006  0.132 -0.133 -0.025 
					 0.368 -0.370  0.054 -0.148 -0.253 -0.295  0.164  0.602  0.246  0.122 
				</Raw>
			</SeriesOfVector>
		</SpectrumBasis>
	</SoundModelClass>
</AudioDescriptionScheme>
