<?xml version="1.0" encoding="iso-8859-1"?>

<Mpeg7 xmlns="urn:mpeg:mpeg7:schema:2001"
	 xmlns:xsi="http://www.w3.org/2001/XMLSchema-instance"
	 xmlns:mpeg7="urn:mpeg:mpeg7:schema:2001" 
	 xmlns:xml="http://www.w3.org/XML/1998/namespace"
	 xsi:schemaLocation="urn:mpeg:mpeg7:schema:2001 Mpeg7-2001.xsd">
	<Description xsi:type="ModelDescriptionType">
		<Model xsi:type="SoundModelType" id="mkcJazzTrio" numOfStates="10">
			<Transitions mpeg7:dim="10 10">
				 0.947  0.003  0.000  0.003  0.002  0.002  0.008  0.031  0.000  0.003 
				 0.011  0.941  0.000  0.000  0.033  0.006  0.000  0.000  0.001  0.008 
				 0.003  0.000  0.948  0.000  0.010  0.014  0.000  0.000  0.011  0.014 
				 0.004  0.000  0.004  0.972  0.004  0.004  0.000  0.008  0.000  0.004 
				 0.010  0.000  0.007  0.004  0.920  0.024  0.007  0.009  0.009  0.010 
				 0.046  0.001  0.092  0.011  0.000  0.674  0.040  0.017  0.065  0.055 
				 0.000  0.000  0.000  0.000  0.010  0.002  0.976  0.002  0.002  0.008 
				 0.029  0.000  0.018  0.000  0.051  0.022  0.000  0.842  0.025  0.014 
				 0.002  0.011  0.000  0.000  0.005  0.015  0.000  0.015  0.942  0.010 
				 0.002  0.030  0.000  0.007  0.012  0.004  0.002  0.000  0.000  0.943 
			</Transitions>
			<State>
				<Label>
					<Term termID="1"/>
				</Label>
			</State>
			<State>
				<Label>
					<Term termID="2"/>
				</Label>
			</State>
			<State>
				<Label>
					<Term termID="3"/>
				</Label>
			</State>
			<State>
				<Label>
					<Term termID="4"/>
				</Label>
			</State>
			<State>
				<Label>
					<Term termID="5"/>
				</Label>
			</State>
			<State>
				<Label>
					<Term termID="6"/>
				</Label>
			</State>
			<State>
				<Label>
					<Term termID="7"/>
				</Label>
			</State>
			<State>
				<Label>
					<Term termID="8"/>
				</Label>
			</State>
			<State>
				<Label>
					<Term termID="9"/>
				</Label>
			</State>
			<State>
				<Label>
					<Term termID="10"/>
				</Label>
			</State>
			<DescriptorModel>
				<Descriptor xsi:type="mpeg7:AudioSpectrumProjectionType">
					<SeriesOfVector totalNumOfSamples="3166"/>
				</Descriptor>
				<Field>SeriesOfVector</Field>
			</DescriptorModel>
			<ObservationDistribution xsi:type="mpeg7:GaussianDistributionType">
				<Mean mpeg7:dim="1 11"> 5.884 -9.948  0.089  0.276  0.012 -0.271 -0.176  0.130 -0.123  0.157  0.087 </Mean>
				<CovarianceInverse mpeg7:dim="11 11">
					 7.138 -7.310  1.724 -0.000 -2.556  1.195  1.137 -1.409  0.361 -1.686  0.061 
					-7.310 1951.909 -15.553 -46.516 -17.800  2.472  0.907 27.918 -1.014 -6.201  2.576 
					 1.724 -15.553  7.078  0.037 -2.816  2.152  0.841 -2.172  1.913 -0.752 -0.383 
					-0.000 -46.516  0.037 13.289 -1.077 -3.231 -0.148  1.131 -0.228 -1.528 -3.538 
					-2.556 -17.800 -2.816 -1.077 14.482 -3.035 -3.284  5.270  0.280  5.031  3.285 
					 1.195  2.472  2.152 -3.231 -3.035 26.142  6.431 -8.181 -4.176  2.107  0.423 
					 1.137  0.907  0.841 -0.148 -3.284  6.431 23.413 -4.453 -3.226 -3.185 -4.990 
					-1.409 27.918 -2.172  1.131  5.270 -8.181 -4.453 33.110 10.075 10.018  3.866 
					 0.361 -1.014  1.913 -0.228  0.280 -4.176 -3.226 10.075 35.028  2.865 -0.665 
					-1.686 -6.201 -0.752 -1.528  5.031  2.107 -3.185 10.018  2.865 38.099 10.342 
					 0.061  2.576 -0.383 -3.538  3.285  0.423 -4.990  3.866 -0.665 10.342 36.776 
				</CovarianceInverse>
			</ObservationDistribution>
			<ObservationDistribution xsi:type="mpeg7:GaussianDistributionType">
				<Mean mpeg7:dim="1 11"> 5.868 -9.944  0.298 -0.426 -0.069  0.048 -0.169 -0.055  0.075  0.008  0.140 </Mean>
				<CovarianceInverse mpeg7:dim="11 11">
					 7.138 -7.310  1.724 -0.000 -2.556  1.195  1.137 -1.409  0.361 -1.686  0.061 
					-7.310 1951.909 -15.553 -46.516 -17.800  2.472  0.907 27.918 -1.014 -6.201  2.576 
					 1.724 -15.553  7.078  0.037 -2.816  2.152  0.841 -2.172  1.913 -0.752 -0.383 
					-0.000 -46.516  0.037 13.289 -1.077 -3.231 -0.148  1.131 -0.228 -1.528 -3.538 
					-2.556 -17.800 -2.816 -1.077 14.482 -3.035 -3.284  5.270  0.280  5.031  3.285 
					 1.195  2.472  2.152 -3.231 -3.035 26.142  6.431 -8.181 -4.176  2.107  0.423 
					 1.137  0.907  0.841 -0.148 -3.284  6.431 23.413 -4.453 -3.226 -3.185 -4.990 
					-1.409 27.918 -2.172  1.131  5.270 -8.181 -4.453 33.110 10.075 10.018  3.866 
					 0.361 -1.014  1.913 -0.228  0.280 -4.176 -3.226 10.075 35.028  2.865 -0.665 
					-1.686 -6.201 -0.752 -1.528  5.031  2.107 -3.185 10.018  2.865 38.099 10.342 
					 0.061  2.576 -0.383 -3.538  3.285  0.423 -4.990  3.866 -0.665 10.342 36.776 
				</CovarianceInverse>
			</ObservationDistribution>
			<ObservationDistribution xsi:type="mpeg7:GaussianDistributionType">
				<Mean mpeg7:dim="1 11"> 6.084 -9.941  0.124  0.059 -0.111  0.548  0.213 -0.087 -0.103  0.218  0.061 </Mean>
				<CovarianceInverse mpeg7:dim="11 11">
					 7.138 -7.310  1.724 -0.000 -2.556  1.195  1.137 -1.409  0.361 -1.686  0.061 
					-7.310 1951.909 -15.553 -46.516 -17.800  2.472  0.907 27.918 -1.014 -6.201  2.576 
					 1.724 -15.553  7.078  0.037 -2.816  2.152  0.841 -2.172  1.913 -0.752 -0.383 
					-0.000 -46.516  0.037 13.289 -1.077 -3.231 -0.148  1.131 -0.228 -1.528 -3.538 
					-2.556 -17.800 -2.816 -1.077 14.482 -3.035 -3.284  5.270  0.280  5.031  3.285 
					 1.195  2.472  2.152 -3.231 -3.035 26.142  6.431 -8.181 -4.176  2.107  0.423 
					 1.137  0.907  0.841 -0.148 -3.284  6.431 23.413 -4.453 -3.226 -3.185 -4.990 
					-1.409 27.918 -2.172  1.131  5.270 -8.181 -4.453 33.110 10.075 10.018  3.866 
					 0.361 -1.014  1.913 -0.228  0.280 -4.176 -3.226 10.075 35.028  2.865 -0.665 
					-1.686 -6.201 -0.752 -1.528  5.031  2.107 -3.185 10.018  2.865 38.099 10.342 
					 0.061  2.576 -0.383 -3.538  3.285  0.423 -4.990  3.866 -0.665 10.342 36.776 
				</CovarianceInverse>
			</ObservationDistribution>
			<ObservationDistribution xsi:type="mpeg7:GaussianDistributionType">
				<Mean mpeg7:dim="1 11"> 6.352 -9.935 -0.224  0.256 -0.109 -0.045  0.211 -0.203 -0.359 -0.256 -0.086 </Mean>
				<CovarianceInverse mpeg7:dim="11 11">
					 7.138 -7.310  1.724 -0.000 -2.556  1.195  1.137 -1.409  0.361 -1.686  0.061 
					-7.310 1951.909 -15.553 -46.516 -17.800  2.472  0.907 27.918 -1.014 -6.201  2.576 
					 1.724 -15.553  7.078  0.037 -2.816  2.152  0.841 -2.172  1.913 -0.752 -0.383 
					-0.000 -46.516  0.037 13.289 -1.077 -3.231 -0.148  1.131 -0.228 -1.528 -3.538 
					-2.556 -17.800 -2.816 -1.077 14.482 -3.035 -3.284  5.270  0.280  5.031  3.285 
					 1.195  2.472  2.152 -3.231 -3.035 26.142  6.431 -8.181 -4.176  2.107  0.423 
					 1.137  0.907  0.841 -0.148 -3.284  6.431 23.413 -4.453 -3.226 -3.185 -4.990 
					-1.409 27.918 -2.172  1.131  5.270 -8.181 -4.453 33.110 10.075 10.018  3.866 
					 0.361 -1.014  1.913 -0.228  0.280 -4.176 -3.226 10.075 35.028  2.865 -0.665 
					-1.686 -6.201 -0.752 -1.528  5.031  2.107 -3.185 10.018  2.865 38.099 10.342 
					 0.061  2.576 -0.383 -3.538  3.285  0.423 -4.990  3.866 -0.665 10.342 36.776 
				</CovarianceInverse>
			</ObservationDistribution>
			<ObservationDistribution xsi:type="mpeg7:GaussianDistributionType">
				<Mean mpeg7:dim="1 11"> 6.452 -9.961 -0.154 -0.046 -0.004 -0.181 -0.009 -0.012  0.068 -0.043  0.016 </Mean>
				<CovarianceInverse mpeg7:dim="11 11">
					 7.138 -7.310  1.724 -0.000 -2.556  1.195  1.137 -1.409  0.361 -1.686  0.061 
					-7.310 1951.909 -15.553 -46.516 -17.800  2.472  0.907 27.918 -1.014 -6.201  2.576 
					 1.724 -15.553  7.078  0.037 -2.816  2.152  0.841 -2.172  1.913 -0.752 -0.383 
					-0.000 -46.516  0.037 13.289 -1.077 -3.231 -0.148  1.131 -0.228 -1.528 -3.538 
					-2.556 -17.800 -2.816 -1.077 14.482 -3.035 -3.284  5.270  0.280  5.031  3.285 
					 1.195  2.472  2.152 -3.231 -3.035 26.142  6.431 -8.181 -4.176  2.107  0.423 
					 1.137  0.907  0.841 -0.148 -3.284  6.431 23.413 -4.453 -3.226 -3.185 -4.990 
					-1.409 27.918 -2.172  1.131  5.270 -8.181 -4.453 33.110 10.075 10.018  3.866 
					 0.361 -1.014  1.913 -0.228  0.280 -4.176 -3.226 10.075 35.028  2.865 -0.665 
					-1.686 -6.201 -0.752 -1.528  5.031  2.107 -3.185 10.018  2.865 38.099 10.342 
					 0.061  2.576 -0.383 -3.538  3.285  0.423 -4.990  3.866 -0.665 10.342 36.776 
				</CovarianceInverse>
			</ObservationDistribution>
			<ObservationDistribution xsi:type="mpeg7:GaussianDistributionType">
				<Mean mpeg7:dim="1 11"> 5.673 -9.898 -0.228 -0.676  0.274 -0.147  0.442 -0.177 -0.083  0.105  0.019 </Mean>
				<CovarianceInverse mpeg7:dim="11 11">
					 7.138 -7.310  1.724 -0.000 -2.556  1.195  1.137 -1.409  0.361 -1.686  0.061 
					-7.310 1951.909 -15.553 -46.516 -17.800  2.472  0.907 27.918 -1.014 -6.201  2.576 
					 1.724 -15.553  7.078  0.037 -2.816  2.152  0.841 -2.172  1.913 -0.752 -0.383 
					-0.000 -46.516  0.037 13.289 -1.077 -3.231 -0.148  1.131 -0.228 -1.528 -3.538 
					-2.556 -17.800 -2.816 -1.077 14.482 -3.035 -3.284  5.270  0.280  5.031  3.285 
					 1.195  2.472  2.152 -3.231 -3.035 26.142  6.431 -8.181 -4.176  2.107  0.423 
					 1.137  0.907  0.841 -0.148 -3.284  6.431 23.413 -4.453 -3.226 -3.185 -4.990 
					-1.409 27.918 -2.172  1.131  5.270 -8.181 -4.453 33.110 10.075 10.018  3.866 
					 0.361 -1.014  1.913 -0.228  0.280 -4.176 -3.226 10.075 35.028  2.865 -0.665 
					-1.686 -6.201 -0.752 -1.528  5.031  2.107 -3.185 10.018  2.865 38.099 10.342 
					 0.061  2.576 -0.383 -3.538  3.285  0.423 -4.990  3.866 -0.665 10.342 36.776 
				</CovarianceInverse>
			</ObservationDistribution>
			<ObservationDistribution xsi:type="mpeg7:GaussianDistributionType">
				<Mean mpeg7:dim="1 11"> 6.089 -9.953  0.063  0.216 -0.038 -0.058  0.167  0.272  0.237  0.000 -0.084 </Mean>
				<CovarianceInverse mpeg7:dim="11 11">
					 7.138 -7.310  1.724 -0.000 -2.556  1.195  1.137 -1.409  0.361 -1.686  0.061 
					-7.310 1951.909 -15.553 -46.516 -17.800  2.472  0.907 27.918 -1.014 -6.201  2.576 
					 1.724 -15.553  7.078  0.037 -2.816  2.152  0.841 -2.172  1.913 -0.752 -0.383 
					-0.000 -46.516  0.037 13.289 -1.077 -3.231 -0.148  1.131 -0.228 -1.528 -3.538 
					-2.556 -17.800 -2.816 -1.077 14.482 -3.035 -3.284  5.270  0.280  5.031  3.285 
					 1.195  2.472  2.152 -3.231 -3.035 26.142  6.431 -8.181 -4.176  2.107  0.423 
					 1.137  0.907  0.841 -0.148 -3.284  6.431 23.413 -4.453 -3.226 -3.185 -4.990 
					-1.409 27.918 -2.172  1.131  5.270 -8.181 -4.453 33.110 10.075 10.018  3.866 
					 0.361 -1.014  1.913 -0.228  0.280 -4.176 -3.226 10.075 35.028  2.865 -0.665 
					-1.686 -6.201 -0.752 -1.528  5.031  2.107 -3.185 10.018  2.865 38.099 10.342 
					 0.061  2.576 -0.383 -3.538  3.285  0.423 -4.990  3.866 -0.665 10.342 36.776 
				</CovarianceInverse>
			</ObservationDistribution>
			<ObservationDistribution xsi:type="mpeg7:GaussianDistributionType">
				<Mean mpeg7:dim="1 11"> 5.790 -9.916 -0.550  0.332  0.308  0.005 -0.363 -0.040  0.018  0.059  0.029 </Mean>
				<CovarianceInverse mpeg7:dim="11 11">
					 7.138 -7.310  1.724 -0.000 -2.556  1.195  1.137 -1.409  0.361 -1.686  0.061 
					-7.310 1951.909 -15.553 -46.516 -17.800  2.472  0.907 27.918 -1.014 -6.201  2.576 
					 1.724 -15.553  7.078  0.037 -2.816  2.152  0.841 -2.172  1.913 -0.752 -0.383 
					-0.000 -46.516  0.037 13.289 -1.077 -3.231 -0.148  1.131 -0.228 -1.528 -3.538 
					-2.556 -17.800 -2.816 -1.077 14.482 -3.035 -3.284  5.270  0.280  5.031  3.285 
					 1.195  2.472  2.152 -3.231 -3.035 26.142  6.431 -8.181 -4.176  2.107  0.423 
					 1.137  0.907  0.841 -0.148 -3.284  6.431 23.413 -4.453 -3.226 -3.185 -4.990 
					-1.409 27.918 -2.172  1.131  5.270 -8.181 -4.453 33.110 10.075 10.018  3.866 
					 0.361 -1.014  1.913 -0.228  0.280 -4.176 -3.226 10.075 35.028  2.865 -0.665 
					-1.686 -6.201 -0.752 -1.528  5.031  2.107 -3.185 10.018  2.865 38.099 10.342 
					 0.061  2.576 -0.383 -3.538  3.285  0.423 -4.990  3.866 -0.665 10.342 36.776 
				</CovarianceInverse>
			</ObservationDistribution>
			<ObservationDistribution xsi:type="mpeg7:GaussianDistributionType">
				<Mean mpeg7:dim="1 11"> 6.242 -9.940 -0.291 -0.389  0.312  0.093 -0.056  0.159 -0.072  0.026  0.007 </Mean>
				<CovarianceInverse mpeg7:dim="11 11">
					 7.138 -7.310  1.724 -0.000 -2.556  1.195  1.137 -1.409  0.361 -1.686  0.061 
					-7.310 1951.909 -15.553 -46.516 -17.800  2.472  0.907 27.918 -1.014 -6.201  2.576 
					 1.724 -15.553  7.078  0.037 -2.816  2.152  0.841 -2.172  1.913 -0.752 -0.383 
					-0.000 -46.516  0.037 13.289 -1.077 -3.231 -0.148  1.131 -0.228 -1.528 -3.538 
					-2.556 -17.800 -2.816 -1.077 14.482 -3.035 -3.284  5.270  0.280  5.031  3.285 
					 1.195  2.472  2.152 -3.231 -3.035 26.142  6.431 -8.181 -4.176  2.107  0.423 
					 1.137  0.907  0.841 -0.148 -3.284  6.431 23.413 -4.453 -3.226 -3.185 -4.990 
					-1.409 27.918 -2.172  1.131  5.270 -8.181 -4.453 33.110 10.075 10.018  3.866 
					 0.361 -1.014  1.913 -0.228  0.280 -4.176 -3.226 10.075 35.028  2.865 -0.665 
					-1.686 -6.201 -0.752 -1.528  5.031  2.107 -3.185 10.018  2.865 38.099 10.342 
					 0.061  2.576 -0.383 -3.538  3.285  0.423 -4.990  3.866 -0.665 10.342 36.776 
				</CovarianceInverse>
			</ObservationDistribution>
			<ObservationDistribution xsi:type="mpeg7:GaussianDistributionType">
				<Mean mpeg7:dim="1 11"> 5.976 -9.938  0.273  0.014 -0.157  0.056 -0.068 -0.213  0.071 -0.146 -0.109 </Mean>
				<CovarianceInverse mpeg7:dim="11 11">
					 7.138 -7.310  1.724 -0.000 -2.556  1.195  1.137 -1.409  0.361 -1.686  0.061 
					-7.310 1951.909 -15.553 -46.516 -17.800  2.472  0.907 27.918 -1.014 -6.201  2.576 
					 1.724 -15.553  7.078  0.037 -2.816  2.152  0.841 -2.172  1.913 -0.752 -0.383 
					-0.000 -46.516  0.037 13.289 -1.077 -3.231 -0.148  1.131 -0.228 -1.528 -3.538 
					-2.556 -17.800 -2.816 -1.077 14.482 -3.035 -3.284  5.270  0.280  5.031  3.285 
					 1.195  2.472  2.152 -3.231 -3.035 26.142  6.431 -8.181 -4.176  2.107  0.423 
					 1.137  0.907  0.841 -0.148 -3.284  6.431 23.413 -4.453 -3.226 -3.185 -4.990 
					-1.409 27.918 -2.172  1.131  5.270 -8.181 -4.453 33.110 10.075 10.018  3.866 
					 0.361 -1.014  1.913 -0.228  0.280 -4.176 -3.226 10.075 35.028  2.865 -0.665 
					-1.686 -6.201 -0.752 -1.528  5.031  2.107 -3.185 10.018  2.865 38.099 10.342 
					 0.061  2.576 -0.383 -3.538  3.285  0.423 -4.990  3.866 -0.665 10.342 36.776 
				</CovarianceInverse>
			</ObservationDistribution>
			<SoundClassLabel>
				<Term termID="128.130.166"/>
			</SoundClassLabel>			<SpectrumBasis loEdge="62.5" hiEdge="8000" octaveResolution="1/4">
			<SeriesOfVector hopSize="PT10N1000F" totalNumOfSamples="1" vectorSize="27">
				<Raw mpeg7:dim="27 10">
					 0.134  0.094 -0.356  0.074 -0.305  0.216 -0.009  0.147 -0.060  0.123 
					 0.148  0.115 -0.336  0.038 -0.447  0.304 -0.006  0.053 -0.001 -0.004 
					 0.145  0.134 -0.296 -0.012 -0.157  0.333 -0.112 -0.080  0.138 -0.040 
					 0.150  0.175 -0.354 -0.030  0.440  0.102 -0.325 -0.226  0.162 -0.122 
					 0.134  0.245 -0.372 -0.027  0.427 -0.297  0.062  0.254  0.128 -0.058 
					 0.133  0.199 -0.216 -0.025 -0.076 -0.380  0.329  0.199 -0.051 -0.189 
					 0.144  0.182 -0.101 -0.137 -0.234 -0.389  0.131 -0.381 -0.357 -0.295 
					 0.137  0.177  0.016 -0.240  0.013 -0.057  0.190 -0.425  0.032  0.489 
					 0.136  0.200  0.039 -0.227  0.171  0.096  0.165  0.015 -0.044  0.504 
					 0.138  0.166  0.175 -0.282  0.041  0.247  0.169  0.124 -0.500 -0.045 
					 0.150  0.161  0.202 -0.162  0.191  0.352  0.290  0.383  0.061 -0.235 
					 0.168  0.108  0.268 -0.147 -0.046  0.170  0.216 -0.301  0.433 -0.412 
					 0.178  0.090  0.125 -0.065  0.097  0.058 -0.246 -0.205  0.019 -0.066 
					 0.177  0.117  0.151 -0.123 -0.004 -0.003 -0.542  0.038 -0.379 -0.181 
					 0.192  0.118  0.156 -0.068  0.041 -0.070 -0.307  0.193 -0.024  0.177 
					 0.200  0.061  0.141 -0.021 -0.109 -0.031 -0.053 -0.128  0.221 -0.009 
					 0.205  0.075  0.082  0.035 -0.158 -0.153 -0.059  0.161  0.170  0.079 
					 0.210  0.074  0.179  0.030 -0.191 -0.190 -0.157  0.187  0.163  0.057 
					 0.213  0.075  0.146  0.038 -0.191 -0.188 -0.052  0.072  0.202  0.180 
					 0.213  0.006  0.131  0.139 -0.048 -0.094  0.012  0.166  0.062 -0.025 
					 0.211 -0.054  0.051  0.188  0.011 -0.004  0.028 -0.023 -0.049 -0.042 
					 0.221 -0.090  0.029  0.239  0.051  0.015  0.045 -0.057 -0.027 -0.041 
					 0.217 -0.076  0.044  0.265  0.119  0.036  0.074  0.024 -0.047  0.029 
					 0.223 -0.099  0.033  0.262  0.112  0.022  0.043 -0.079 -0.099  0.031 
					 0.226 -0.100  0.021  0.337  0.099  0.073  0.133 -0.101 -0.157  0.037 
					 0.230 -0.098 -0.017  0.309  0.119  0.085  0.139 -0.140 -0.162  0.056 
					 0.378 -0.747 -0.201 -0.497  0.015 -0.057  0.011  0.066  0.035 -0.021 
				</Raw>
			</SeriesOfVector>
			</SpectrumBasis>
		</Model>
	</Description>
</Mpeg7>
